        0.00000
        0.00000
        0.00000
        2.95135
       16.45665
      -33.94717
     -621.34967
     -699.67029
    -1945.83960
       37.44510
       21.75918
      -34.85645
        0.00000
        0.00000
        0.00000
        0.00000
        0.00000
        0.00000
    -1644.63049
     -371.64352
    -2125.44604
     3710.23999
    -7203.07422
  -121615.21875
     -193.55844
     -556.26880
      629.08319
        0.00000
        0.00000
        0.00000
        0.00000
        0.00000
        0.00000
       58.97639
      -55.35562
        7.30314
      600.00909
      124.96889
    -1472.85339
       -5.08139
       11.41567
       -4.78252
        0.00000
        0.00000
        0.00000
        0.00000
        0.00000
        0.00000
     -661.08533
     1176.84058
      440.04868
     4238.96924
  -140132.78125
     5275.56104
      939.72479
     1792.36707
    -1304.74536
        0.00000
        0.00000
        0.00000
        0.00000
        0.00000
        0.00000
  -166202.06250
    -9911.69824
    14623.85645
        0.00000
        0.00000
        0.00000
        0.00000
        0.00000
        0.00000
        0.00000
        0.00000
        0.00000
        0.00000
        0.00000
        0.00000
        0.00000
        0.00000
        0.00000
        0.00000
        0.00000
        0.00000
        0.00000
        0.00000
        0.00000
        0.00000
        0.00000
        0.00000
        0.00000
        0.00000
        0.00000
        0.00000
        0.00000
        0.00000
        0.00000
        0.00000
        0.00000
        0.00000
        0.00000
        0.00000
        0.00000
        0.00000
        0.00000
        0.00000
        0.00000
        0.00000
        0.00000
        0.00000
        0.00000
        0.00000
        0.00000
        0.00000
        0.00000
        0.00000
        0.00000
        0.00000
        0.00000
        0.00000
        0.00000
        0.00000
        0.00000
        0.00000
        0.00000
        0.00000
        0.00000
        0.00000
        0.00000
        0.00000
        0.00000
        0.00000
        0.00000
        0.00000
        0.00000
