        0.00000
        0.00000
        0.00000
        0.07316
        0.10380
        0.08807
        8.06091
      -22.70698
      -51.37505
       -7.81601
        5.38261
        8.38212
        0.00000
        0.00000
        0.00000
        0.00000
        0.00000
        0.00000
       68.43176
       23.77517
       51.00281
     -297.59116
      334.97079
     1972.72888
      -51.33652
      103.75144
       67.55795
        0.00000
        0.00000
        0.00000
        0.00000
        0.00000
        0.00000
        2.98756
       -1.82866
        1.37311
      -26.50806
      -39.34315
       53.83527
       -0.47598
       -0.48739
        0.30895
        0.00000
        0.00000
        0.00000
        0.00000
        0.00000
        0.00000
       82.97286
      115.49696
       -6.86259
     -281.45511
     3095.50244
      153.84146
     -129.17805
      109.18192
       17.93451
        0.00000
        0.00000
        0.00000
        0.00000
        0.00000
        0.00000
      821.12720
     -955.32043
       19.41615
        0.00000
        0.00000
        0.00000
        0.00000
        0.00000
        0.00000
        0.00000
        0.00000
        0.00000
        0.00000
        0.00000
        0.00000
        0.00000
        0.00000
        0.00000
        0.00000
        0.00000
        0.00000
        0.00000
        0.00000
        0.00000
        0.00000
        0.00000
        0.00000
        0.00000
        0.00000
        0.00000
        0.00000
        0.00000
        0.00000
        0.00000
        0.00000
        0.00000
        0.00000
        0.00000
        0.00000
        0.00000
        0.00000
        0.00000
        0.00000
        0.00000
        0.00000
        0.00000
        0.00000
        0.00000
        0.00000
        0.00000
        0.00000
        0.00000
        0.00000
        0.00000
        0.00000
        0.00000
        0.00000
        0.00000
        0.00000
        0.00000
        0.00000
        0.00000
        0.00000
        0.00000
        0.00000
        0.00000
        0.00000
        0.00000
        0.00000
        0.00000
        0.00000
        0.00000
